4.4285714286		4.22E-03	0
4.4206773619		1.10E-01	4.52E-04
4.4128113879		5.12E-01	2.90E-03
4.404973357		1.42E+01	6.05E-02
4.3971631206		1.09E+02	5.41E-01
4.389380531		4.16E+02	2.58E+00
4.3816254417		1.70E+03	1.08E+01
4.3738977072		3.27E+03	3.00E+01
4.3661971831		6.76E+04	3.03E+02
4.3585237258		2.32E+05	1.45E+03
4.350877193		7.53E+05	5.22E+03
4.3432574431		4.03E+06	2.34E+04
4.3356643357		1.30E+07	8.81E+04
4.3280977312		8.00E+07	4.40E+05
4.3205574913		2.63E+08	1.73E+06
4.3130434783		1.05E+09	6.67E+06
4.3055555556		6.05E+09	3.32E+07
4.2980935875		1.67E+10	1.18E+08
4.2906574394		5.51E+10	3.85E+08
4.2832469775		2.04E+11	1.35E+09
4.275862069		5.96E+11	4.30E+09
4.2685025818		1.37E+12	1.15E+10
4.2611683849		3.51E+12	2.94E+10
4.2538593482		1.10E+13	8.23E+10
4.2465753425		2.71E+13	2.21E+11
4.2393162393		4.34E+13	4.77E+11
4.2320819113		8.83E+13	9.53E+11
4.2248722317		2.33E+14	2.11E+12
4.2176870748		4.31E+14	4.50E+12
4.2105263158		6.83E+14	8.49E+12
4.2033898305		1.28E+15	1.55E+13
4.1962774958		2.91E+15	3.04E+13
4.1891891892		5.04E+15	5.86E+13
4.1821247892		7.55E+15	1.03E+14
4.1750841751		1.03E+16	1.66E+14
4.1680672269		1.99E+16	2.72E+14
4.1610738255		3.11E+16	4.50E+14
4.1541038526		3.86E+16	6.93E+14
4.1471571906		5.34E+16	1.01E+15
4.1402337229		9.39E+16	1.52E+15
4.1333333333		1.12E+17	2.23E+15
4.1264559068		1.37E+17	3.09E+15
4.1196013289		2.14E+17	4.29E+15
4.1127694859		2.99E+17	6.04E+15
4.1059602649		3.27E+17	8.18E+15
4.0991735537		4.81E+17	1.09E+16
4.0924092409		8.01E+17	1.53E+16
4.0856672158		1.02E+18	2.14E+16
4.0789473684		1.08E+18	2.84E+16
4.0722495895		1.37E+18	3.67E+16
4.0655737705		1.90E+18	4.76E+16
4.0589198036		2.17E+18	6.11E+16
4.0522875817		2.16E+18	7.54E+16
4.0456769984		2.47E+18	9.07E+16
4.0390879479		3.27E+18	1.10E+17
4.0325203252		4.21E+18	1.34E+17
4.025974026		4.49E+18	1.63E+17
4.0194489465		4.94E+18	1.93E+17
4.0129449838		4.86E+18	2.25E+17
4.0064620355		5.21E+18	2.58E+17
4		6.16E+18	2.95E+17
3.9935587762		7.97E+18	3.40E+17
3.9871382637		1.01E+19	3.98E+17
3.9807383628		1.03E+19	4.64E+17
3.9743589744		1.15E+19	5.33E+17
3.968		1.23E+19	6.09E+17
3.9616613419		1.34E+19	6.90E+17
3.9553429027		1.35E+19	7.75E+17
3.949044586		1.50E+19	8.65E+17
3.9427662957		1.65E+19	9.64E+17
3.9365079365		1.73E+19	1.07E+18
3.9302694136		1.51E+19	1.17E+18
3.9240506329		1.58E+19	1.27E+18
3.9178515008		1.94E+19	1.38E+18
3.9116719243		2.22E+19	1.50E+18
3.905511811		2.37E+19	1.65E+18
3.8993710692		2.30E+19	1.79E+18
3.8932496075		2.44E+19	1.93E+18
3.8871473354		2.70E+19	2.09E+18
3.8810641628		2.59E+19	2.25E+18
3.875		2.73E+19	2.41E+18
3.8689547582		3.28E+19	2.59E+18
3.8629283489		3.36E+19	2.79E+18
3.8569206843		3.22E+19	2.99E+18
3.850931677		3.01E+19	3.18E+18
3.8449612403		2.96E+19	3.36E+18
3.8390092879		2.90E+19	3.53E+18
3.8330757342		3.42E+19	3.72E+18
3.8271604938		3.80E+19	3.93E+18
3.8212634823		3.93E+19	4.16E+18
3.8153846154		3.89E+19	4.39E+18
3.8095238095		4.54E+19	4.64E+18
3.8036809816		5.36E+19	4.93E+18
3.797856049		5.75E+19	5.25E+18
3.7920489297		5.65E+19	5.58E+18
3.786259542		5.49E+19	5.90E+18
3.7804878049		5.03E+19	6.21E+18
3.7747336377		5.35E+19	6.50E+18
3.7689969605		6.11E+19	6.83E+18
3.7632776935		6.81E+19	7.20E+18
3.7575757576		6.88E+19	7.59E+18
3.7518910741		6.27E+19	7.97E+18
3.746223565		5.93E+19	8.31E+18
3.7405731523		6.18E+19	8.65E+18
3.734939759		6.48E+19	9.01E+18
3.7293233083		6.55E+19	9.38E+18
3.7237237237		6.44E+19	9.74E+18
3.7181409295		6.13E+19	1.01E+19
3.7125748503		6.28E+19	1.04E+19
3.7070254111		6.76E+19	1.08E+19
3.7014925373		7.08E+19	1.12E+19
3.695976155		6.95E+19	1.16E+19
3.6904761905		6.39E+19	1.19E+19
3.6849925706		5.91E+19	1.23E+19
3.6795252226		5.81E+19	1.26E+19
3.6740740741		6.25E+19	1.29E+19
3.6686390533		6.81E+19	1.33E+19
3.6632200886		7.17E+19	1.37E+19
3.6578171091		7.33E+19	1.40E+19
3.6524300442		7.54E+19	1.44E+19
3.6470588235		8.01E+19	1.49E+19
3.6417033774		8.02E+19	1.53E+19
3.6363636364		7.59E+19	1.57E+19
3.6310395315		7.59E+19	1.61E+19
3.6257309942		7.95E+19	1.65E+19
3.6204379562		8.28E+19	1.70E+19
3.6151603499		8.44E+19	1.74E+19
3.6098981077		8.00E+19	1.78E+19
3.6046511628		6.92E+19	1.82E+19
3.5994194485		6.69E+19	1.86E+19
3.5942028986		7.65E+19	1.90E+19
3.5890014472		8.19E+19	1.94E+19
3.5838150289		8.03E+19	1.98E+19
3.5786435786		8.22E+19	2.02E+19
3.5734870317		8.38E+19	2.06E+19
3.5683453237		8.12E+19	2.11E+19
3.5632183908		8.13E+19	2.15E+19
3.5581061693		8.31E+19	2.19E+19
3.553008596		8.04E+19	2.23E+19
3.547925608		8.29E+19	2.27E+19
3.5428571429		9.19E+19	2.32E+19
3.5378031384		9.92E+19	2.37E+19
3.5327635328		9.69E+19	2.41E+19
3.5277382646		9.35E+19	2.46E+19
3.5227272727		9.17E+19	2.51E+19
3.5177304965		8.71E+19	2.55E+19
3.5127478754		9.29E+19	2.60E+19
3.5077793494		1.03E+20	2.65E+19
3.5028248588		1.09E+20	2.70E+19
3.4978843441		1.11E+20	2.75E+19
3.4929577465		1.11E+20	2.81E+19
3.488045007		1.08E+20	2.86E+19
3.4831460674		1.01E+20	2.91E+19
3.4782608696		9.55E+19	2.96E+19
3.4733893557		8.44E+19	3.00E+19
3.4685314685		8.57E+19	3.05E+19
3.4636871508		8.01E+19	3.09E+19
3.4588563459		7.47E+19	3.12E+19
3.4540389972		8.82E+19	3.16E+19
3.4492350487		1.07E+20	3.21E+19
3.4444444444		1.13E+20	3.26E+19
3.439667129		1.08E+20	3.32E+19
3.4349030471		9.94E+19	3.36E+19
3.4301521438		9.77E+19	3.41E+19
3.4254143646		1.03E+20	3.46E+19
3.4206896552		1.13E+20	3.51E+19
3.4159779614		1.17E+20	3.56E+19
3.4112792297		1.14E+20	3.62E+19
3.4065934066		1.19E+20	3.67E+19
3.401920439		1.18E+20	3.73E+19
3.397260274		1.23E+20	3.78E+19
3.3926128591		1.36E+20	3.84E+19
3.3879781421		1.46E+20	3.91E+19
3.3833560709		1.47E+20	3.98E+19
3.378746594		1.45E+20	4.05E+19
3.3741496599		1.43E+20	4.11E+19
3.3695652174		1.35E+20	4.18E+19
3.3649932157		1.35E+20	4.24E+19
3.3604336043		1.41E+20	4.30E+19
3.3558863329		1.53E+20	4.37E+19
3.3513513514		1.55E+20	4.44E+19
3.34682861		1.41E+20	4.50E+19
3.3423180593		1.44E+20	4.57E+19
3.3378196501		1.50E+20	4.63E+19
3.3333333333		1.41E+20	4.70E+19
3.3288590604		1.35E+20	4.76E+19
3.3243967828		1.30E+20	4.82E+19
3.3199464525		1.18E+20	4.88E+19
3.3155080214		1.18E+20	4.93E+19
3.3110814419		1.18E+20	4.98E+19
3.3066666667		1.26E+20	5.03E+19
3.3022636485		1.40E+20	5.09E+19
3.2978723404		1.46E+20	5.15E+19
3.2934926959		1.44E+20	5.22E+19
3.2891246684		1.55E+20	5.28E+19
3.2847682119		1.74E+20	5.36E+19
3.2804232804		1.88E+20	5.43E+19
3.2760898283		1.84E+20	5.51E+19
3.27176781		1.64E+20	5.59E+19
3.2674571805		1.48E+20	5.66E+19
3.2631578947		1.56E+20	5.72E+19
3.258869908		1.68E+20	5.79E+19
3.2545931759		1.72E+20	5.86E+19
3.250327654		1.55E+20	5.93E+19
3.2460732984		1.33E+20	5.99E+19
3.2418300654		1.15E+20	6.05E+19
3.2375979112		1.04E+20	6.09E+19
3.2333767927		1.01E+20	6.14E+19
3.2291666667		1.17E+20	6.18E+19
3.2249674902		1.42E+20	6.24E+19
3.2207792208		1.56E+20	6.30E+19
3.2166018158		1.50E+20	6.36E+19
3.2124352332		1.45E+20	6.42E+19
3.2082794308		1.51E+20	6.49E+19
3.2041343669		1.53E+20	6.55E+19
3.2		1.52E+20	6.61E+19
3.1958762887		1.51E+20	6.68E+19
3.1917631918		1.50E+20	6.74E+19
3.1876606684		1.64E+20	6.80E+19
3.1835686778		1.82E+20	6.87E+19
3.1794871795		1.92E+20	6.95E+19
3.1754161332		1.94E+20	7.03E+19
3.1713554987		2.07E+20	7.11E+19
3.1673052363		2.10E+20	7.19E+19
3.1632653061		1.94E+20	7.27E+19
3.1592356688		1.63E+20	7.35E+19
3.155216285		1.18E+20	7.40E+19
3.1512071156		9.44E+19	7.45E+19
3.1472081218		1.23E+20	7.49E+19
3.1432192649		1.70E+20	7.55E+19
3.1392405063		2.02E+20	7.62E+19
3.1352718078		2.16E+20	7.70E+19
3.1313131313		1.91E+20	7.79E+19
3.1273644388		1.39E+20	7.85E+19
3.1234256927		1.08E+20	7.90E+19
3.1194968553		1.60E+20	7.95E+19
3.1155778894		2.18E+20	8.03E+19
3.1116687578		2.59E+20	8.12E+19
3.1077694236		2.76E+20	8.22E+19
3.1038798498		2.85E+20	8.33E+19
3.1		2.89E+20	8.44E+19
3.0922693267		3.04E+20	8.67E+19
3.0845771144		3.18E+20	8.91E+19
3.0769230769		3.09E+20	9.15E+19
3.0693069307		3.16E+20	9.39E+19
3.0617283951		3.10E+20	9.63E+19
3.0541871921		3.05E+20	9.86E+19
3.0466830467		3.02E+20	1.01E+20
3.0392156863		3.17E+20	1.03E+20
3.0317848411		3.42E+20	1.06E+20
3.0243902439		2.93E+20	1.08E+20
3.0170316302		3.31E+20	1.10E+20
3.0097087379		3.54E+20	1.13E+20
3.0024213075		3.42E+20	1.15E+20
2.9951690821		3.41E+20	1.18E+20
2.9879518072		3.56E+20	1.20E+20
2.9807692308		3.69E+20	1.23E+20
2.9736211031		3.62E+20	1.26E+20
2.966507177		3.49E+20	1.28E+20
2.9594272076		3.66E+20	1.31E+20
2.9523809524		3.38E+20	1.33E+20
2.945368171		3.86E+20	1.36E+20
2.9383886256		3.84E+20	1.38E+20
2.9314420804		3.74E+20	1.41E+20
2.9245283019		3.75E+20	1.44E+20
2.9176470588		3.89E+20	1.46E+20
2.9107981221		3.81E+20	1.49E+20
2.9039812646		3.71E+20	1.51E+20
2.8971962617		3.77E+20	1.54E+20
2.8904428904		3.51E+20	1.56E+20
2.8837209302		2.82E+20	1.58E+20
2.8770301624		2.58E+20	1.60E+20
2.8703703704		4.32E+20	1.63E+20
2.8637413395		4.05E+20	1.65E+20
2.8571428571		3.77E+20	1.68E+20
2.8505747126		4.16E+20	1.71E+20
2.8440366972		4.60E+20	1.73E+20
2.8375286041		4.72E+20	1.76E+20
2.8310502283		4.17E+20	1.79E+20
2.8246013667		4.04E+20	1.82E+20
2.8181818182		4.67E+20	1.85E+20
2.8117913832		4.64E+20	1.88E+20
2.8054298643		5.00E+20	1.91E+20
2.7990970655		5.10E+20	1.94E+20
2.7927927928		5.00E+20	1.97E+20
2.7865168539		5.23E+20	2.00E+20
2.7802690583		4.72E+20	2.04E+20
2.774049217		5.40E+20	2.07E+20
2.7678571429		5.51E+20	2.10E+20
2.7616926503		5.53E+20	2.13E+20
2.7555555556		5.77E+20	2.17E+20
2.7494456763		6.02E+20	2.21E+20
2.7433628319		5.80E+20	2.24E+20
2.7373068433		5.40E+20	2.27E+20
2.731277533		5.83E+20	2.31E+20
2.7252747253		5.82E+20	2.34E+20
2.7192982456		6.05E+20	2.38E+20
2.7133479212		6.14E+20	2.42E+20
2.7074235808		6.05E+20	2.45E+20
2.7015250545		6.04E+20	2.49E+20
2.6956521739		6.04E+20	2.52E+20
2.6898047722		6.30E+20	2.56E+20
2.683982684		6.40E+20	2.60E+20
2.6781857451		6.46E+20	2.63E+20
2.6724137931		6.30E+20	2.67E+20
2.6666666667		6.27E+20	2.71E+20
2.660944206		6.44E+20	2.74E+20
2.6552462527		6.19E+20	2.78E+20
2.6495726496		6.50E+20	2.81E+20
2.6439232409		6.57E+20	2.85E+20
2.6382978723		6.35E+20	2.89E+20
2.6326963907		6.50E+20	2.92E+20
2.6271186441		6.88E+20	2.96E+20
2.621564482		6.66E+20	3.00E+20
2.6160337553		6.78E+20	3.04E+20
2.6105263158		7.04E+20	3.07E+20
2.6050420168		6.84E+20	3.11E+20
2.5995807128		6.93E+20	3.15E+20
2.5941422594		7.20E+20	3.19E+20
2.5887265136		7.10E+20	3.23E+20
2.5833333333		7.26E+20	3.27E+20
2.577962578		7.31E+20	3.30E+20
2.5726141079		7.38E+20	3.34E+20
2.5672877847		7.34E+20	3.38E+20
2.5619834711		7.24E+20	3.42E+20
2.5567010309		7.26E+20	3.46E+20
2.5514403292		5.93E+20	3.49E+20
2.546201232		6.68E+20	3.53E+20
2.5409836066		7.27E+20	3.56E+20
2.5357873211		6.89E+20	3.60E+20
2.5306122449		7.75E+20	3.64E+20
2.5254582485		7.49E+20	3.68E+20
2.5203252033		7.19E+20	3.72E+20
2.5152129817		7.74E+20	3.75E+20
2.5101214575		7.60E+20	3.79E+20
2.5050505051		8.12E+20	3.83E+20
2.5		7.77E+20	3.87E+20
2.4949698189		7.95E+20	3.91E+20
2.4899598394		7.78E+20	3.95E+20
2.4849699399		7.82E+20	3.99E+20
2.48		7.84E+20	4.03E+20
2.4750499002		7.65E+20	4.07E+20
2.4701195219		7.69E+20	4.11E+20
2.4652087475		8.09E+20	4.14E+20
2.4603174603		7.58E+20	4.18E+20
2.4554455446		8.17E+20	4.22E+20
2.4505928854		8.55E+20	4.26E+20
2.4457593688		8.23E+20	4.30E+20
2.4409448819		8.07E+20	4.34E+20
2.4361493124		8.51E+20	4.38E+20
2.431372549		8.34E+20	4.42E+20
2.4266144814		8.54E+20	4.46E+20
2.421875		8.82E+20	4.50E+20
2.4171539961		8.33E+20	4.54E+20
2.4124513619		8.21E+20	4.58E+20
2.4077669903		8.49E+20	4.62E+20
2.4031007752		8.62E+20	4.66E+20
2.3984526112		7.07E+20	4.70E+20
2.3938223938		8.13E+20	4.73E+20
2.3892100193		7.92E+20	4.77E+20
2.3846153846		8.70E+20	4.81E+20
2.3800383877		8.81E+20	4.85E+20
2.3754789272		9.06E+20	4.89E+20
2.3709369025		8.59E+20	4.93E+20
2.3664122137		9.29E+20	4.97E+20
2.3619047619		9.27E+20	5.01E+20
2.3574144487		9.06E+20	5.05E+20
2.3529411765		7.97E+20	5.09E+20
2.3484848485		9.18E+20	5.13E+20
2.3440453686		9.66E+20	5.17E+20
2.3396226415		9.34E+20	5.21E+20
2.3352165725		9.90E+20	5.25E+20
2.3308270677		9.78E+20	5.30E+20
2.3264540338		8.78E+20	5.34E+20
2.3220973783		9.46E+20	5.38E+20
2.3177570093		9.66E+20	5.42E+20
2.3134328358		1.01E+21	5.46E+20
2.3091247672		9.42E+20	5.50E+20
2.3048327138		9.95E+20	5.55E+20
2.3005565863		9.76E+20	5.59E+20
2.2962962963		9.48E+20	5.63E+20
2.292051756		9.16E+20	5.67E+20
2.2878228782		1.00E+21	5.71E+20
2.2836095764		9.92E+20	5.75E+20
2.2794117647		1.03E+21	5.79E+20
2.2752293578		1.01E+21	5.84E+20
2.2710622711		1.01E+21	5.88E+20
2.2669104205		1.03E+21	5.92E+20
2.2627737226		1.01E+21	5.96E+20
2.2586520947		1.04E+21	6.01E+20
2.2545454545		1.04E+21	6.05E+20
2.2504537205		1.04E+21	6.09E+20
2.2463768116		1.07E+21	6.13E+20
2.2423146474		1.05E+21	6.18E+20
2.238267148		1.07E+21	6.22E+20
2.2342342342		1.09E+21	6.26E+20
2.2302158273		1.07E+21	6.31E+20
2.2262118492		1.05E+21	6.35E+20
2.2222222222		1.08E+21	6.39E+20
2.2182468694		1.03E+21	6.43E+20
2.2142857143		1.05E+21	6.48E+20
2.2103386809		1.12E+21	6.52E+20
2.206405694		1.07E+21	6.56E+20
2.2024866785		1.12E+21	6.60E+20
2.1985815603		1.10E+21	6.65E+20
2.1946902655		1.11E+21	6.69E+20
2.1908127208		1.06E+21	6.73E+20
2.1869488536		1.13E+21	6.77E+20
2.1830985915		1.13E+21	6.82E+20
2.1792618629		1.11E+21	6.86E+20
2.1754385965		1.11E+21	6.90E+20
2.1716287215		1.08E+21	6.95E+20
2.1678321678		1.15E+21	6.99E+20
2.1640488656		1.16E+21	7.03E+20
2.1602787456		1.16E+21	7.08E+20
2.1565217391		1.14E+21	7.12E+20
2.1527777778		1.14E+21	7.16E+20
2.1490467938		1.17E+21	7.20E+20
2.1453287197		1.14E+21	7.25E+20
2.1416234888		1.16E+21	7.29E+20
2.1379310345		1.19E+21	7.33E+20
2.1342512909		1.20E+21	7.38E+20
2.1305841924		1.23E+21	7.42E+20
2.1269296741		1.25E+21	7.47E+20
2.1232876712		1.25E+21	7.51E+20
2.1196581197		1.25E+21	7.56E+20
2.1160409556		1.22E+21	7.60E+20
2.1124361158		1.25E+21	7.65E+20
2.1088435374		1.23E+21	7.69E+20
2.1052631579		1.07E+21	7.73E+20
2.1016949153		1.14E+21	7.77E+20
2.0981387479		1.23E+21	7.81E+20
2.0945945946		1.21E+21	7.86E+20
2.0910623946		1.23E+21	7.90E+20
2.0875420875		1.23E+21	7.94E+20
2.0840336134		1.22E+21	7.99E+20
2.0805369128		1.27E+21	8.03E+20
2.0770519263		1.28E+21	8.08E+20
2.0735785953		1.27E+21	8.12E+20
2.0701168614		1.27E+21	8.16E+20
2.0666666667		1.29E+21	8.21E+20
2.0632279534		1.28E+21	8.25E+20
2.0598006645		1.27E+21	8.30E+20
2.056384743		1.31E+21	8.34E+20
2.0529801325		1.33E+21	8.38E+20
2.0495867769		1.34E+21	8.43E+20
2.0462046205		1.34E+21	8.48E+20
2.0428336079		1.35E+21	8.52E+20
2.0394736842		1.36E+21	8.57E+20
2.0361247947		1.35E+21	8.61E+20
2.0327868852		1.35E+21	8.66E+20
2.0294599018		1.35E+21	8.70E+20
2.0261437908		1.38E+21	8.75E+20
2.0228384992		1.37E+21	8.79E+20
2.0195439739		1.33E+21	8.84E+20
2.0162601626		1.39E+21	8.88E+20
2.012987013		1.36E+21	8.93E+20
2.0097244733		1.35E+21	8.97E+20
2.0064724919		1.41E+21	9.02E+20
2.0032310178		1.42E+21	9.06E+20
2		1.43E+21	9.11E+20
1.9967793881		1.44E+21	9.15E+20
1.9935691318		1.39E+21	9.20E+20
1.9903691814		1.39E+21	9.24E+20
1.9871794872		1.39E+21	9.29E+20
1.984		1.39E+21	9.33E+20
1.9808306709		1.40E+21	9.38E+20
1.9776714514		1.44E+21	9.42E+20
1.974522293		1.37E+21	9.47E+20
1.9713831479		1.43E+21	9.51E+20
1.9682539683		1.41E+21	9.55E+20
1.9651347068		1.44E+21	9.60E+20
1.9620253165		1.40E+21	9.64E+20
1.9589257504		1.49E+21	9.69E+20
1.9558359621		1.48E+21	9.73E+20
1.9527559055		1.50E+21	9.78E+20
1.9496855346		1.48E+21	9.82E+20
1.9466248038		1.53E+21	9.87E+20
1.9435736677		1.55E+21	9.92E+20
1.9405320814		1.55E+21	9.96E+20
1.9375		1.53E+21	1.00E+21
1.9344773791		1.53E+21	1.01E+21
1.9314641745		1.54E+21	1.01E+21
1.9284603421		1.57E+21	1.02E+21
1.9254658385		1.57E+21	1.02E+21
1.9224806202		1.59E+21	1.02E+21
1.919504644		1.55E+21	1.03E+21
1.9165378671		1.55E+21	1.03E+21
1.9135802469		1.54E+21	1.04E+21
1.9106317411		1.50E+21	1.04E+21
1.9076923077		1.52E+21	1.05E+21
1.9047619048		1.62E+21	1.05E+21
1.9018404908		1.56E+21	1.06E+21
1.8989280245		1.62E+21	1.06E+21
1.8960244648		1.61E+21	1.07E+21
1.893129771		1.54E+21	1.07E+21
1.8902439024		1.36E+21	1.07E+21
1.8873668189		1.43E+21	1.08E+21
1.8844984802		1.60E+21	1.08E+21
1.8816388467		1.62E+21	1.09E+21
1.8787878788		1.63E+21	1.09E+21
1.8759455371		1.63E+21	1.10E+21
1.8731117825		1.63E+21	1.10E+21
1.8702865762		1.64E+21	1.11E+21
1.8674698795		1.66E+21	1.11E+21
1.8646616541		1.70E+21	1.12E+21
1.8618618619		1.70E+21	1.12E+21
1.8590704648		1.70E+21	1.12E+21
1.8562874251		1.71E+21	1.13E+21
1.8535127055		1.75E+21	1.13E+21
1.8507462687		1.73E+21	1.14E+21
1.8479880775		1.74E+21	1.14E+21
1.8452380952		1.72E+21	1.15E+21
1.8424962853		1.74E+21	1.15E+21
1.8397626113		1.75E+21	1.16E+21
1.837037037		1.74E+21	1.16E+21
1.8343195266		1.77E+21	1.17E+21
1.8316100443		1.76E+21	1.17E+21
1.8289085546		1.78E+21	1.18E+21
1.8262150221		1.77E+21	1.18E+21
1.8235294118		1.78E+21	1.19E+21
1.8208516887		1.78E+21	1.19E+21
1.8181818182		1.80E+21	1.20E+21
1.8155197657		1.79E+21	1.20E+21
1.8128654971		1.78E+21	1.21E+21
1.8102189781		1.79E+21	1.21E+21
1.8075801749		1.76E+21	1.22E+21
1.8049490539		1.27E+21	1.22E+21
1.8023255814		1.48E+21	1.22E+21
1.7997097242		1.50E+21	1.23E+21
1.7971014493		1.58E+21	1.23E+21
1.7945007236		1.65E+21	1.24E+21
1.7919075145		1.71E+21	1.24E+21
1.7893217893		1.70E+21	1.24E+21
1.7867435159		1.69E+21	1.25E+21
1.7841726619		1.73E+21	1.25E+21
1.7816091954		1.74E+21	1.26E+21
1.7790530846		1.84E+21	1.26E+21
1.776504298		1.82E+21	1.27E+21
1.773962804		1.79E+21	1.27E+21
1.7714285714		1.79E+21	1.28E+21
1.7689015692		1.77E+21	1.28E+21
1.7663817664		1.78E+21	1.28E+21
1.7638691323		1.80E+21	1.29E+21
1.7613636364		1.85E+21	1.29E+21
1.7588652482		1.88E+21	1.30E+21
1.7563739377		1.88E+21	1.30E+21
1.7538896747		1.88E+21	1.31E+21
1.7514124294		1.88E+21	1.31E+21
1.7489421721		1.89E+21	1.32E+21
1.7464788732		1.91E+21	1.32E+21
1.7440225035		1.92E+21	1.33E+21
1.7415730337		1.92E+21	1.33E+21
1.7391304348		1.90E+21	1.34E+21
1.7366946779		1.93E+21	1.34E+21
1.7342657343		1.87E+21	1.34E+21
1.7318435754		1.89E+21	1.35E+21
1.7294281729		1.66E+21	1.35E+21
1.7270194986		1.55E+21	1.36E+21
1.7246175243		1.39E+21	1.36E+21
1.7222222222		1.49E+21	1.36E+21
1.7198335645		1.65E+21	1.37E+21
1.7174515235		1.90E+21	1.37E+21
1.7150760719		1.76E+21	1.38E+21
1.7127071823		1.63E+21	1.38E+21
1.7103448276		1.61E+21	1.38E+21
1.7079889807		1.68E+21	1.39E+21
1.7056396149		1.69E+21	1.39E+21
1.7032967033		1.63E+21	1.40E+21
1.7009602195		1.65E+21	1.40E+21
1.698630137		1.78E+21	1.40E+21
1.6963064295		1.70E+21	1.41E+21
1.693989071		1.84E+21	1.41E+21
1.6916780355		1.91E+21	1.42E+21
1.689373297		1.98E+21	1.42E+21
1.6870748299		1.96E+21	1.43E+21
1.6847826087		1.95E+21	1.43E+21
1.6824966079		1.96E+21	1.43E+21
1.6802168022		2.00E+21	1.44E+21
1.6779431664		1.95E+21	1.44E+21
1.6756756757		2.01E+21	1.45E+21
1.673414305		2.01E+21	1.45E+21
1.6711590296		2.02E+21	1.46E+21
1.668909825		2.07E+21	1.46E+21
1.6666666667		2.09E+21	1.47E+21
1.6644295302		2.10E+21	1.47E+21
1.6621983914		2.10E+21	1.48E+21
1.6599732262		2.11E+21	1.48E+21
1.6577540107		2.11E+21	1.49E+21
1.655540721		2.11E+21	1.49E+21
1.6533333333		2.11E+21	1.49E+21
1.6511318242		2.11E+21	1.50E+21
1.6489361702		2.13E+21	1.50E+21
1.6467463479		2.13E+21	1.51E+21
1.6445623342		2.16E+21	1.51E+21
1.642384106		2.16E+21	1.52E+21
1.6402116402		2.15E+21	1.52E+21
1.6380449141		2.15E+21	1.53E+21
1.635883905		2.17E+21	1.53E+21
1.6337285903		2.12E+21	1.54E+21
1.6315789474		4.74E+20	1.54E+21
1.629434954		2.75E+20	1.54E+21
1.6272965879		1.24E+21	1.54E+21
1.625163827		6.84E+20	1.54E+21
1.6230366492		9.75E+20	1.55E+21
1.6209150327		1.25E+21	1.55E+21
1.6187989556		1.49E+21	1.55E+21
1.6166883963		1.78E+21	1.55E+21
1.6145833333		2.05E+21	1.56E+21
1.6124837451		2.08E+21	1.56E+21
1.6103896104		2.15E+21	1.57E+21
1.6083009079		2.17E+21	1.57E+21
1.6062176166		2.20E+21	1.58E+21
1.6041397154		2.21E+21	1.58E+21
1.6020671835		2.22E+21	1.59E+21
1.6		2.22E+21	1.59E+21
1.5979381443		2.24E+21	1.59E+21
1.5958815959		2.23E+21	1.60E+21
1.5938303342		2.24E+21	1.60E+21
1.5917843389		2.26E+21	1.61E+21
1.5897435897		2.24E+21	1.61E+21
1.5877080666		2.24E+21	1.62E+21
1.5856777494		2.26E+21	1.62E+21
1.5836526181		2.26E+21	1.63E+21
1.5816326531		2.26E+21	1.63E+21
1.5796178344		2.28E+21	1.64E+21
1.5776081425		2.29E+21	1.64E+21
1.5756035578		2.27E+21	1.64E+21
1.5736040609		2.25E+21	1.65E+21
1.5716096324		2.24E+21	1.65E+21
1.5696202532		2.18E+21	1.66E+21
1.5676359039		2.22E+21	1.66E+21
1.5656565657		2.21E+21	1.67E+21
1.5636822194		2.20E+21	1.67E+21
1.5617128463		2.23E+21	1.68E+21
1.5597484277		2.23E+21	1.68E+21
1.5577889447		2.20E+21	1.68E+21
1.5558343789		2.24E+21	1.69E+21
1.5538847118		2.29E+21	1.69E+21
1.5519399249		2.26E+21	1.70E+21
1.55		2.23E+21	1.70E+21
1.5480649189		2.26E+21	1.71E+21
1.5461346633		2.27E+21	1.71E+21
1.5442092154		2.24E+21	1.72E+21
1.5422885572		2.27E+21	1.72E+21
1.5403726708		2.23E+21	1.72E+21
1.5384615385		2.33E+21	1.73E+21
1.5365551425		2.32E+21	1.73E+21
1.5346534653		2.32E+21	1.74E+21
1.5327564895		2.27E+21	1.74E+21
1.5308641975		2.28E+21	1.75E+21
1.5289765721		2.28E+21	1.75E+21
1.5270935961		2.23E+21	1.75E+21
1.5252152522		2.20E+21	1.76E+21
1.5233415233		1.98E+21	1.76E+21
1.5214723926		1.97E+21	1.77E+21
1.5196078431		1.84E+21	1.77E+21
1.517747858		1.89E+21	1.77E+21
1.5158924205		1.83E+21	1.78E+21
1.514041514		2.02E+21	1.78E+21
1.512195122		1.93E+21	1.78E+21
1.5103532278		2.24E+21	1.79E+21
1.5085158151		2.15E+21	1.79E+21
1.5066828676		1.52E+21	1.79E+21
1.5048543689		2.12E+21	1.80E+21
1.503030303		2.21E+21	1.80E+21
1.5012106538		2.14E+21	1.81E+21
1.4993954051		2.26E+21	1.81E+21
1.4975845411		1.96E+21	1.81E+21
1.4957780458		2.15E+21	1.82E+21
1.4939759036		2.13E+21	1.82E+21
1.4921780987		2.15E+21	1.83E+21
1.4903846154		2.09E+21	1.83E+21
1.4885954382		2.24E+21	1.83E+21
1.4868105516		2.20E+21	1.84E+21
1.4850299401		2.37E+21	1.84E+21
1.4832535885		2.31E+21	1.85E+21
1.4814814815		2.40E+21	1.85E+21
1.4797136038		2.39E+21	1.85E+21
1.4779499404		2.40E+21	1.86E+21
1.4761904762		2.44E+21	1.86E+21
1.4744351962		2.44E+21	1.87E+21
1.4726840855		2.42E+21	1.87E+21
1.4709371293		2.44E+21	1.87E+21
1.4691943128		2.41E+21	1.88E+21
1.4674556213		2.49E+21	1.88E+21
1.4657210402		2.50E+21	1.89E+21
1.4639905549		2.45E+21	1.89E+21
1.4622641509		2.46E+21	1.90E+21
1.4605418139		2.45E+21	1.90E+21
1.4588235294		2.23E+21	1.90E+21
1.4571092832		2.44E+21	1.91E+21
1.455399061		2.43E+21	1.91E+21
1.4536928488		2.43E+21	1.92E+21
1.4519906323		2.15E+21	1.92E+21
1.4502923977		2.32E+21	1.92E+21
1.4485981308		2.48E+21	1.93E+21
1.446907818		2.53E+21	1.93E+21
1.4452214452		2.54E+21	1.94E+21
1.4435389988		2.55E+21	1.94E+21
1.4418604651		2.55E+21	1.95E+21
1.4401858304		2.56E+21	1.95E+21
1.4385150812		2.59E+21	1.95E+21
1.4368482039		2.61E+21	1.96E+21
1.4351851852		2.56E+21	1.96E+21
1.4335260116		2.53E+21	1.97E+21
1.4318706697		2.24E+21	1.97E+21
1.4302191465		2.42E+21	1.97E+21
1.4285714286		2.55E+21	1.98E+21
1.4269275029		2.53E+21	1.98E+21
1.4252873563		2.59E+21	1.99E+21
1.4236509759		2.56E+21	1.99E+21
1.4220183486		2.60E+21	2.00E+21
1.4203894616		2.59E+21	2.00E+21
1.4187643021		2.55E+21	2.00E+21
1.4171428571		2.52E+21	2.01E+21
1.4155251142		2.60E+21	2.01E+21
1.4139110604		2.62E+21	2.02E+21
1.4123006834		2.62E+21	2.02E+21
1.4106939704		2.58E+21	2.02E+21
1.4090909091		2.60E+21	2.03E+21
1.4074914869		2.52E+21	2.03E+21
1.4058956916		2.60E+21	2.04E+21
1.4043035108		2.60E+21	2.04E+21
1.4027149321		2.62E+21	2.05E+21
1.4011299435		2.66E+21	2.05E+21
1.3995485327		2.56E+21	2.05E+21
1.3979706877		2.58E+21	2.06E+21
1.3963963964		2.62E+21	2.06E+21
1.3948256468		2.67E+21	2.07E+21
1.393258427		2.64E+21	2.07E+21
1.391694725		2.66E+21	2.07E+21
1.3901345291		2.62E+21	2.08E+21
1.3885778275		2.52E+21	2.08E+21
1.3870246085		2.47E+21	2.09E+21
1.3854748603		2.37E+21	2.09E+21
1.3839285714		2.23E+21	2.09E+21
1.3823857302		1.95E+21	2.10E+21
1.3808463252		2.11E+21	2.10E+21
1.3793103448		1.62E+21	2.10E+21
1.3777777778		2.20E+21	2.11E+21
1.3762486127		1.78E+21	2.11E+21
1.3747228381		1.99E+21	2.11E+21
1.373200443		2.06E+21	2.11E+21
1.3716814159		2.53E+21	2.12E+21
1.3701657459		2.46E+21	2.12E+21
1.3686534216		2.34E+21	2.13E+21
1.3671444322		1.93E+21	2.13E+21
1.3656387665		1.98E+21	2.13E+21
1.3641364136		2.15E+21	2.14E+21
1.3626373626		1.91E+21	2.14E+21
1.3611416026		2.05E+21	2.14E+21
1.3596491228		2.12E+21	2.14E+21
1.3581599124		1.94E+21	2.15E+21
1.3566739606		1.94E+21	2.15E+21
1.3551912568		2.11E+21	2.15E+21
1.3537117904		1.80E+21	2.16E+21
1.3522355507		2.29E+21	2.16E+21
1.3507625272		1.86E+21	2.16E+21
1.3492927095		2.33E+21	2.17E+21
1.347826087		2.35E+21	2.17E+21
1.3463626493		2.48E+21	2.17E+21
1.3449023861		2.23E+21	2.18E+21
1.3434452871		2.38E+21	2.18E+21
1.341991342		2.31E+21	2.18E+21
1.3405405405		2.28E+21	2.19E+21
1.3390928726		2.27E+21	2.19E+21
1.3376483279		2.55E+21	2.19E+21
1.3362068966		1.91E+21	2.20E+21
1.3347685684		1.79E+21	2.20E+21
1.3333333333		1.41E+21	2.20E+21
1.3319011815		1.34E+21	2.20E+21
1.330472103		9.89E+20	2.20E+21
1.3290460879		8.19E+20	2.21E+21
1.3276231263		4.76E+20	2.21E+21
1.3262032086		8.32E+20	2.21E+21
1.3247863248		5.37E+20	2.21E+21
1.3233724653		5.46E+20	2.21E+21
1.3219616205		6.72E+20	2.21E+21
1.3205537806		1.34E+21	2.21E+21
1.3191489362		1.59E+21	2.21E+21
1.3177470776		1.26E+21	2.22E+21
1.3163481953		1.38E+21	2.22E+21
1.31495228		9.48E+20	2.22E+21
1.313559322		9.76E+20	2.22E+21
1.3121693122		1.26E+21	2.22E+21
1.310782241		6.69E+20	2.22E+21
1.3093980993		1.28E+21	2.22E+21
1.3080168776		9.48E+20	2.23E+21
1.3066385669		1.71E+21	2.23E+21
1.3052631579		5.13E+20	2.23E+21
1.3038906414		1.69E+21	2.23E+21
1.3025210084		9.42E+20	2.23E+21
1.3011542497		1.21E+21	2.23E+21
1.2997903564		1.49E+21	2236045405719720000000
1.2984293194		1.21E+21	2.24E+21
1.2970711297		1.16E+21	2.24E+21
1.2957157785		9.63E+20	2.24E+21
1.2943632568		1.65E+21	2.24E+21
1.2930135558		1.34E+21	2.24E+21
1.2916666667		1.51E+21	2.25E+21
1.2903225806		1.66E+21	2.25E+21
1.288981289		1.60E+21	2.25E+21
1.287642783		1.83E+21	2.25E+21
1.2863070539		1.67E+21	2.26E+21
1.2849740933		1.84E+21	2.26E+21
1.2836438923		1.84E+21	2.26E+21
1.2823164426		1.84E+21	2.26E+21
1.2809917355		2.40E+21	2.27E+21
1.2796697626		2.53E+21	2.27E+21
1.2783505155		2.35E+21	2.27E+21
1.2770339856		2.65E+21	2.28E+21
1.2757201646		2.56E+21	2.28E+21
1.2744090442		2.27E+21	2.28E+21
1.273100616		2.16E+21	2.28E+21
1.2717948718		2.22E+21	2.29E+21
1.2704918033		2.16E+21	2.29E+21
1.2691914023		2.42E+21	2.29E+21
1.2678936605		2.34E+21	2.30E+21
1.26659857		2.43E+21	2.30E+21
1.2653061224		2.31E+21	2.30E+21
1.2640163099		2.73E+21	2.31E+21
1.2627291242		2.66E+21	2.31E+21
1.2614445575		2.58E+21	2.31E+21
1.2601626016		2.85E+21	2.32E+21
1.2588832487		2.67E+21	2.32E+21
1.2576064909		2.92E+21	2.32E+21
1.2563323202		2.89E+21	2.33E+21
1.2550607287		2.88E+21	2.33E+21
1.2537917088		2.94E+21	2.33E+21
1.2525252525		2.88E+21	2.34E+21
1.2512613522		2.98E+21	2.34E+21
1.25		2.98E+21	2.35E+21
1.2487411883		2.93E+21	2.35E+21
1.2474849095		3.01E+21	2.35E+21
1.2462311558		3.01E+21	2.36E+21
1.2449799197		3.00E+21	2.36E+21
1.2437311936		2.98E+21	2.36E+21
1.2424849699		2.98E+21	2.37E+21
1.2412412412		2.99E+21	2.37E+21
1.24		2.99E+21	2.38E+21
1.2387612388		3.03E+21	2.38E+21
1.2375249501		2.97E+21	2.38E+21
1.2362911266		3.01E+21	2.39E+21
1.235059761		2.97E+21	2.39E+21
1.2338308458		2.81E+21	2.39E+21
1.2326043738		2.95E+21	2.40E+21
1.2313803376		3.02E+21	2.40E+21
1.2301587302		3.02E+21	2.40E+21
1.2289395441		3.00E+21	2.41E+21
1.2277227723		3.01E+21	2.41E+21
1.2265084075		3.03E+21	2.42E+21
1.2252964427		3.02E+21	2.42E+21
1.2240868707		3.03E+21	2.42E+21
1.2228796844		3.05E+21	2.43E+21
1.2216748768		3.01E+21	2.43E+21
1.2204724409		3.03E+21	2.43E+21
1.2192723697		3.00E+21	2.44E+21
1.2180746562		3.06E+21	2.44E+21
1.2168792934		2.96E+21	2.44E+21
1.2156862745		3.01E+21	2.45E+21
1.2144955926		3.03E+21	2.45E+21
1.2133072407		2.99E+21	2.46E+21
1.2121212121		3.02E+21	2.46E+21
1.2109375		3.01E+21	2.46E+21
1.2097560976		3.05E+21	2.47E+21
1.2085769981		3.05E+21	2.47E+21
1.2074001947		3.05E+21	2.47E+21
1.2062256809		3.06E+21	2.48E+21
1.20505345		3.04E+21	2.48E+21
1.2038834951		3.06E+21	2.48E+21
1.2027158099		3.06E+21	2.49E+21
1.2015503876		3.07E+21	2.49E+21
1.2003872217		3.03E+21	2.49E+21
1.1992263056		3.05E+21	2.50E+21
1.1980676329		3.07E+21	2.50E+21
1.1969111969		3.08E+21	2.51E+21
1.1957569913		3.06E+21	2.51E+21
1.1946050096		3.05E+21	2.51E+21
1.1934552454		3.08E+21	2.52E+21
1.1923076923		3.07E+21	2.52E+21
1.1911623439		3.08E+21	2.52E+21
1.1900191939		3.09E+21	2.53E+21
1.1888782359		3.06E+21	2.53E+21
1.1877394636		3.09E+21	2.53E+21
1.1866028708		3.08E+21	2.54E+21
1.1854684512		3.01E+21	2.54E+21
1.1843361987		3.06E+21	2.54E+21
1.1832061069		3.10E+21	2.55E+21
1.1820781697		3.09E+21	2.55E+21
1.180952381		3.08E+21	2.55E+21
1.1798287345		3.09E+21	2.56E+21
1.1787072243		3.08E+21	2.56E+21
1.1775878443		3.08E+21	2.56E+21
1.1764705882		3.07E+21	2.57E+21
1.1753554502		3.09E+21	2.57E+21
1.1742424242		3.09E+21	2.58E+21
1.1731315043		3.09E+21	2.58E+21
1.1720226843		3.07E+21	2.58E+21
1.1709159585		2.98E+21	2.59E+21
1.1698113208		3.07E+21	2.59E+21
1.1687087653		3.01E+21	2.59E+21
1.1676082863		3.08E+21	2.60E+21
1.1665098777		3.03E+21	2.60E+21
1.1654135338		3.09E+21	2.60E+21
1.1643192488		3.09E+21	2.61E+21
1.1632270169		3.03E+21	2.61E+21
1.1621368322		3.06E+21	2.61E+21
1.1610486891		3.06E+21	2.62E+21
1.1599625819		2.91E+21	2.62E+21
1.1588785047		3.01E+21	2.62E+21
1.1577964519		3.08E+21	2.63E+21
1.1567164179		3.08E+21	2.63E+21
1.155638397		3.03E+21	2.63E+21
1.1545623836		3.13E+21	2.64E+21
1.1534883721		2.99E+21	2.64E+21
1.1524163569		3.11E+21	2.64E+21
1.1513463324		3.06E+21	2.65E+21
1.1502782931		3.07E+21	2.65E+21
1.1492122335		3.08E+21	2.65E+21
1.1481481481		3.05E+21	2.65E+21
1.1470860315		2.98E+21	2.66E+21
1.146025878		3.03E+21	2.66E+21
1.1449676824		3.08E+21	2.66E+21
1.1439114391		2.99E+21	2.67E+21
1.1428571429		3.08E+21	2.67E+21
1.1418047882		2.88E+21	2.67E+21
1.1407543698		2.96E+21	2.68E+21
1.1397058824		3.10E+21	2.68E+21
1.1386593205		3.04E+21	2.68E+21
1.1376146789		2.92E+21	2.69E+21
1.1365719523		3.10E+21	2.69E+21
1.1355311355		3.07E+21	2.69E+21
1.1344922232		2.71E+21	2.70E+21
1.1334552102		2.87E+21	2.70E+21
1.1324200913		2.78E+21	2.70E+21
1.1313868613		2.69E+21	2.70E+21
1.130355515		3.10E+21	2.71E+21
1.1293260474		2.70E+21	2.71E+21
1.1282984531		2.74E+21	2.71E+21
1.1272727273		2.62E+21	2.72E+21
1.1262488647		2.69E+21	2.72E+21
1.1252268603		2.55E+21	2.72E+21
1.124206709		2.54E+21	2.72E+21
1.1231884058		2.55E+21	2.73E+21
1.1221719457		2.77E+21	2.73E+21
1.1211573237		2.19E+21	2.73E+21
1.1201445348		2.66E+21	2.73E+21
1.119133574		2.30E+21	2.74E+21
1.1181244364		2.29E+21	2.74E+21
1.1171171171		2.66E+21	2.74E+21
1.1161116112		1.85E+21	2.74E+21
1.1151079137		2.31E+21	2.75E+21
1.1141060198		1.50E+21	2.75E+21
1.1131059246		1.68E+21	2.75E+21
1.1121076233		1.41E+21	2.75E+21
1.1111111111		1.14E+21	2.75E+21
1.1101163832		4.50E+20	2.75E+21
1.1091234347		1.23E+21	2.75E+21
1.1081322609		6.44E+20	2.75E+21
1.1071428571		8.09E+20	2.76E+21
1.1061552186		1.06E+21	2.76E+21
1.1051693405		4.68E+20	2.76E+21
1.1041852182		7.37E+20	2.76E+21
1.103202847		6.27E+20	2.76E+21
1.1022222222		8.34E+20	2.76E+21
1.1012433393		2.99E+20	2.76E+21
1.1002661934		9.14E+20	2.76E+21
1.0992907801		5.78E+20	2.76E+21
1.0983170948		6.19E+20	2.76E+21
1.0973451327		4.13E+20	2.76E+21
1.0963748895		1.74E+21	2.76E+21
1.0954063604		1.38E+21	2.76E+21
1.094439541		9.05E+20	2.77E+21
1.0934744268		2.47E+20	2.77E+21
1.0925110132		9.18E+19	2.77E+21
1.0915492958		7.66E+20	2.77E+21
1.09058927		1.72E+21	2.77E+21
1.0896309315		1.22E+21	2.77E+21
1.0886742757		1.79E+21	2.77E+21
1.0877192982		1.54E+21	2.77E+21
1.0867659947		1.17E+21	2.77E+21
1.0858143608		1.36E+21	2.78E+21
1.084864392		1.89E+21	2.78E+21
1.0839160839		6.88E+20	2.78E+21
1.0829694323		8.90E+20	2.78E+21
1.0820244328		9.63E+20	2.78E+21
1.0810810811		3.63E+20	2.78E+21
1.0801393728		1.67E+21	2.78E+21
1.0791993037		1.35E+21	2.78E+21
1.0782608696		7.51E+20	2.78E+21
1.077324066		1.26E+21	2.78E+21
1.0763888889		1.54E+21	2.79E+21
1.0754553339		1.48E+21	2.79E+21
1.0745233969		8.89E+20	2.79E+21
1.0735930736		1.96E+21	2.79E+21
1.0726643599		1.76E+21	2.79E+21
1.0717372515		1.98E+21	2.79E+21
1.0708117444		1.97E+21	2.79E+21
1.0698878343		2.13E+21	2.80E+21
1.0689655172		1.82E+21	2.80E+21
1.068044789		2.21E+21	2.80E+21
1.0671256454		2.23E+21	2.80E+21
1.0662080825		2.99E+21	2.80E+21
1.0652920962		2.57E+21	2.81E+21
1.0643776824		2.49E+21	2.81E+21
1.063464837		2.41E+21	2.81E+21
1.0625535561		2.65E+21	2.81E+21
1.0616438356		2.71E+21	2.82E+21
1.0607356715		2.74E+21	2.82E+21
1.0598290598		2.98E+21	2.82E+21
1.0589239966		2.92E+21	2.82E+21
1.0580204778		2.97E+21	2.83E+21
1.0571184996		2.99E+21	2.83E+21
1.0562180579		2.21E+21	2.83E+21
1.0553191489		2.98E+21	2.83E+21
1.0544217687		3.15E+21	2.84E+21
1.0535259133		3.13E+21	2.84E+21
1.0526315789		2.39E+21	2.84E+21
1.0517387617		3.22E+21	2.85E+21
1.0508474576		2.94E+21	2.85E+21
1.049957663		3.04E+21	2.85E+21
1.0490693739		2.17E+21	2.85E+21
1.0481825866		2.95E+21	2.86E+21
1.0472972973		2.83E+21	2.86E+21
1.0464135021		2.75E+21	2.86E+21
1.0455311973		3.23E+21	2.86E+21
1.0446503791		3.09E+21	2.87E+21
1.0437710438		2.28E+21	2.87E+21
1.0428931876		2.84E+21	2.87E+21
1.0420168067		3.16E+21	2.87E+21
1.0411418976		3.06E+21	2.88E+21
1.0402684564		3.25E+21	2.88E+21
1.0393964795		3.13E+21	2.88E+21
1.0385259631		3.24E+21	2.88E+21
1.0376569038		3.10E+21	2.89E+21
1.0367892977		3.00E+21	2.89E+21
1.0359231412		3.32E+21	2.89E+21
1.0350584307		3.03E+21	2.89E+21
1.0341951626		2.55E+21	2.90E+21
1.0333333333		3.14E+21	2.90E+21
1.0324729392		3.07E+21	2.90E+21
1.0316139767		3.08E+21	2.90E+21
1.0307564422		3.07E+21	2.91E+21
1.0299003322		2.57E+21	2.91E+21
1.0290456432		3.10E+21	2.91E+21
1.0281923715		3.42E+21	2.92E+21
1.0273405137		3.07E+21	2.92E+21
1.0264900662		3.10E+21	2.92E+21
1.0256410256		2.97E+21	2.92E+21
1.0247933884		3.26E+21	2.93E+21
1.0239471511		3.04E+21	2.93E+21
1.0231023102		3.07E+21	2.93E+21
1.0222588623		3.40E+21	2.93E+21
1.021416804		3.15E+21	2.94E+21
1.0205761317		3.12E+21	2.94E+21
1.0197368421		3.40E+21	2.94E+21
1.0188989318		3.33E+21	2.94E+21
1.0180623974		3.37E+21	2.95E+21
1.0172272354		3.28E+21	2.95E+21
1.0163934426		3.38E+21	2.95E+21
1.0155610156		3.44E+21	2.96E+21
1.0147299509		3.34E+21	2.96E+21
1.0139002453		3.30E+21	2.96E+21
1.0130718954		3.34E+21	2.96E+21
1.012244898		3.45E+21	2.97E+21
1.0114192496		3.50E+21	2.97E+21
1.010594947		3.25E+21	2.97E+21
1.009771987		3.51E+21	2.98E+21
1.0089503662		3.52E+21	2.98E+21
1.0081300813		3.48E+21	2.98E+21
1.0073111292		3.57E+21	2.98E+21
1.0064935065		3.54E+21	2.99E+21
1.0056772101		3.45E+21	2.99E+21
1.0048622366		3.59E+21	2.99E+21
1.004048583		3.56E+21	3.00E+21
1.003236246		3.60E+21	3.00E+21
1.0024252223		3.56E+21	3.00E+21
1.0016155089		3.60E+21	3.00E+21
1.0008071025		3.57E+21	3.01E+21
1		3.57E+21	3.01E+21
0.9991941982		3.58E+21	3.01E+21
0.998389694		3.60E+21	3.02E+21
0.9975864843		3.57E+21	3.02E+21
0.9967845659		3.56E+21	3.02E+21
0.9959839357		3.58E+21	3.02E+21
0.9951845907		3.61E+21	3.03E+21
0.9943865277		3.60E+21	3.03E+21
0.9935897436		3.62E+21	3.03E+21
0.9927942354		3.64E+21	3.04E+21
0.992		3.62E+21	3.04E+21
0.9912070344		3.60E+21	3.04E+21
0.9904153355		3.59E+21	3.04E+21
0.9896249002		3.58E+21	3.05E+21
0.9888357257		3.55E+21	3.05E+21
0.9880478088		3.62E+21	3.05E+21
0.9872611465		3.54E+21	3.06E+21
0.9864757359		3.51E+21	3.06E+21
0.9856915739		3.60E+21	3.06E+21
0.9849086577		3.46E+21	3.06E+21
0.9841269841		3.50E+21	3.07E+21
0.9833465504		3.35E+21	3.07E+21
0.9825673534		3.23E+21	3.07E+21
0.9817893903		3.27E+21	3.07E+21
0.9810126582		3.05E+21	3.08E+21
0.9802371542		3.25E+21	3.08E+21
0.9794628752		3.17E+21	3.08E+21
0.9786898185		3.21E+21	3.08E+21
0.9779179811		3.07E+21	3.09E+21
0.9771473601		2.05E+21	3.09E+21
0.9763779528		3.22E+21	3.09E+21
0.9756097561		3.40E+21	3.09E+21
0.9748427673		3.42E+21	3.10E+21
0.9740769835		3.40E+21	3.10E+21
0.9733124019		3.41E+21	3.10E+21
0.9725490196		3.47E+21	3.10E+21
0.9717868339		3.52E+21	3.11E+21
0.9710258418		3.55E+21	3.11E+21
0.9702660407		3.62E+21	3.11E+21
0.9695074277		3.61E+21	3.11E+21
0.96875		3.59E+21	3.12E+21
0.9679937549		3.53E+21	3.12E+21
0.9672386895		3.19E+21	3.12E+21
0.9664848012		3.49E+21	3.13E+21
0.9657320872		3.62E+21	3.13E+21
0.9649805447		3.65E+21	3.13E+21
0.9642301711		3.69E+21	3.13E+21
0.9634809635		3.65E+21	3.14E+21
0.9627329193		3.64E+21	3.14E+21
0.9619860357		3.56E+21	3.14E+21
0.9612403101		3.60E+21	3.14E+21
0.9604957397		3.65E+21	3.15E+21
0.959752322		3.47E+21	3.15E+21
0.9590100541		3.62E+21	3.15E+21
0.9582689335		3.56E+21	3.15E+21
0.9575289575		3.57E+21	3.16E+21
0.9567901235		3.44E+21	3.16E+21
0.9560524287		3.29E+21	3.16E+21
0.9553158706		3.48E+21	3.17E+21
0.9545804465		3.64E+21	3.17E+21
0.9538461538		3.15E+21	3.17E+21
0.95311299		3.24E+21	3.17E+21
0.9523809524		3.51E+21	3.17E+21
0.9516500384		3.11E+21	3.18E+21
0.9509202454		2.71E+21	3.18E+21
0.9501915709		3.46E+21	3.18E+21
0.9494640123		3.48E+21	3.18E+21
0.9487375669		2.77E+21	3.19E+21
0.9480122324		3.15E+21	3.19E+21
0.9472880061		3.50E+21	3.19E+21
0.9465648855		2.75E+21	3.19E+21
0.945842868		3.05E+21	3.20E+21
0.9451219512		3.06E+21	3.20E+21
0.9444021325		2.88E+21	3.20E+21
0.9436834094		2.66E+21	3.20E+21
0.9429657795		2.64E+21	3.20E+21
0.9422492401		3.00E+21	3.21E+21
0.9415337889		2.89E+21	3.21E+21
0.9408194234		3.10E+21	3.21E+21
0.940106141		2.50E+21	3.21E+21
0.9393939394		2.42E+21	3.21E+21
0.938682816		2.79E+21	3.22E+21
0.9379727685		2.83E+21	3.22E+21
0.9372637944		2.19E+21	3.22E+21
0.9365558912		2.47E+21	3.22E+21
0.9358490566		3.04E+21	3.22E+21
0.9351432881		2.66E+21	3.22E+21
0.9344385833		2.53E+21	3.23E+21
0.9337349398		2.23E+21	3.23E+21
0.9330323552		1.69E+21	3.23E+21
0.9323308271		2.19E+21	3.23E+21
0.9316303531		1.39E+21	3.23E+21
0.9309309309		1.40E+21	3.23E+21
0.9302325581		1.95E+21	3.23E+21
0.9295352324		1.63E+21	3.24E+21
0.9288389513		2.23E+21	3.24E+21
0.9281437126		1.78E+21	3.24E+21
0.9274495138		1.60E+21	3.24E+21
0.9267563528		1.73E+21	3.24E+21
0.926064227		1.72E+21	3.24E+21
0.9253731343		1.64E+21	3.24E+21
0.9246830723		1.67E+21	3.24E+21
0.9239940387		1.75E+21	3.25E+21
0.9233060313		1.25E+21	3.25E+21
0.9226190476		7.46E+20	3.25E+21
0.9219330855		1.08E+21	3.25E+21
0.9212481426		5.76E+20	3.25E+21
0.9205642168		5.96E+20	3.25E+21
0.9198813056		4.72E+19	3.25E+21
0.919199407		1.61E+20	3.25E+21
0.9185185185		1.60E+20	3.25E+21
0.917838638		4.63E+19	3.25E+21
0.9171597633		1.52E+19	3.25E+21
0.9164818921		9.66E+17	3.25E+21
0.9158050222		2.92E+18	3.25E+21
0.9151291513		3.64E+16	3.25E+21
0.9144542773		4.87E+17	3.25E+21
0.9137803979		7.28E+17	3.25E+21
0.913107511		4.26E+16	3.25E+21
0.9124356144		7.48E+15	3.25E+21
0.9117647059		2.19E+16	3.25E+21
0.9110947832		4.93E+13	3.25E+21
0.9104258443		1.85E+11	3.25E+21
0.909757887		3.24E+16	3.25E+21
0.9090909091		1.40E+16	3.25E+21
0.9084249084		9.37E+10	3.25E+21
0.9077598829		1.32E+17	3.25E+21
0.9070958303		5.16E+16	3.25E+21
0.9064327485		1.54E+09	3.25E+21
0.9057706355		5.38E+15	3.25E+21
0.9051094891		3.05E+15	3.25E+21
0.9044493071		2.06E+14	3.25E+21
0.9037900875		2.88E+16	3.25E+21
0.9031318281		4.67E+17	3.25E+21
0.9024745269		1.89E+18	3.25E+21
0.9018181818		3.41E+18	3.25E+21
0.9011627907		2.72E+18	3.25E+21
0.9005083515		1.30E+18	3.25E+21
0.8998548621		1.18E+19	3.25E+21
0.8992023205		5.55E+17	3.25E+21
0.8985507246		8.70E+17	3.25E+21
0.8979000724		2.54E+16	3.25E+21
0.8972503618		2.75E+16	3.25E+21
0.8966015907		4.73E+14	3.25E+21
0.8959537572		6.64E+15	3.25E+21
0.8953068592		2.25E+16	3.25E+21
0.8946608947		2.73E+16	3.25E+21
0.8940158616		2.16E+18	3.25E+21
0.8933717579		4.37E+16	3.25E+21
0.8927285817		6.32E+18	3.25E+21
0.8920863309		5.38E+18	3.25E+21
0.8914450036		3.76E+18	3.25E+21
0.8908045977		2.60E+17	3.25E+21
0.8901651113		1.27E+18	3.25E+21
0.8895265423		8.31E+17	3.25E+21
0.8888888889		7.40E+15	3.25E+21
0.888252149		6.98E+13	3.25E+21
0.8876163207		5.43E+17	3.25E+21
0.886981402		1.41E+19	3.25E+21
0.886347391		9.03E+18	3.25E+21
0.8857142857		3.62E+13	3.25E+21
0.8850820842		1.18E+14	3.25E+21
0.8844507846		2.05E+19	3.25E+21
0.8838203849		2.67E+19	3.25E+21
0.8831908832		8.30E+18	3.25E+21
0.8825622776		4.10E+15	3.25E+21
0.8819345661		2.31E+19	3.25E+21
0.881307747		1.97E+18	3.25E+21
0.8806818182		1.87E+19	3.25E+21
0.8800567779		7.03E+18	3.25E+21
0.8794326241		5.31E+18	3.25E+21
0.8788093551		2.41E+19	3.25E+21
0.8781869688		3.02E+19	3.25E+21
0.8775654636		2.67E+20	3.25E+21
0.8769448373		4.18E+18	3.25E+21
0.8763250883		2.11E+18	3.25E+21
0.8757062147		4.10E+20	3.25E+21
0.8750882145		1.36E+20	3.25E+21
0.874471086		1.57E+20	3.25E+21
0.8738548273		2.49E+19	3.25E+21
0.8732394366		9.62E+19	3.25E+21
0.872624912		1.07E+20	3.25E+21
0.8720112518		5.41E+20	3.25E+21
0.871398454		1.08E+20	3.25E+21
0.8707865169		1.99E+20	3.25E+21
0.8701754386		3.04E+20	3.25E+21
0.8695652174		3.27E+20	3.25E+21
0.8689558514		5.84E+20	3.25E+21
0.8683473389		5.39E+19	3.25E+21
0.8677396781		4.50E+20	3.25E+21
0.8671328671		7.31E+20	3.25E+21
0.8665269043		5.97E+20	3.25E+21
0.8659217877		3.00E+19	3.25E+21
0.8653175157		4.28E+20	3.25E+21
0.8647140865		2.51E+20	3.25E+21
0.8641114983		2.57E+20	3.25E+21
0.8635097493		4.61E+20	3.25E+21
0.8629088379		3.60E+20	3.25E+21
0.8623087622		1.60E+20	3.25E+21
0.8617095205		6.17E+20	3.25E+21
0.8611111111		4.80E+20	3.25E+21
0.8605135323		3.86E+20	3.25E+21
0.8599167822		4.42E+20	3.25E+21
0.8593208593		5.50E+20	3.26E+21
0.8587257618		7.55E+20	3.26E+21
0.8581314879		6.09E+20	3.26E+21
0.857538036		2.83E+20	3.26E+21
0.8569454043		4.45E+20	3.26E+21
0.8563535912		1.43E+21	3.26E+21
0.8557625949		1.26E+21	3.26E+21
0.8551724138		3.39E+20	3.26E+21
0.8545830462		1.40E+20	3.26E+21
0.8539944904		7.75E+20	3.26E+21
0.8534067447		1.02E+21	3.26E+21
0.8528198074		1.72E+21	3.26E+21
0.852233677		8.27E+20	3.26E+21
0.8516483516		1.11E+21	3.26E+21
0.8510638298		1.47E+21	3.26E+21
0.8504801097		1.72E+21	3.26E+21
0.8498971899		2.06E+21	3.26E+21
0.8493150685		1.08E+21	3.26E+21
0.848733744		1.14E+21	3.27E+21
0.8481532148		1.66E+21	3.27E+21
0.8475734792		5.49E+20	3.27E+21
0.8469945355		1.93E+21	3.27E+21
0.8464163823		1.19E+21	3.27E+21
0.8458390177		8.34E+20	3.27E+21
0.8452624404		4.62E+20	3.27E+21
0.8446866485		9.88E+20	3.27E+21
0.8441116406		1.22E+21	3.27E+21
0.843537415		6.41E+20	3.27E+21
0.8429639701		2.31E+20	3.27E+21
0.8423913043		6.06E+20	3.27E+21
0.8418194162		9.11E+20	3.27E+21
0.8412483039		1.27E+21	3.27E+21
0.8406779661		2.41E+21	3.27E+21
0.8401084011		8.98E+20	3.27E+21
0.8395396073		9.12E+20	3.28E+21
0.8389715832		8.32E+20	3.28E+21
0.8384043272		1.58E+21	3.28E+21
0.8378378378		7.98E+20	3.28E+21
0.8372721134		1.52E+21	3.28E+21
0.8367071525		7.73E+20	3.28E+21
0.8361429535		1.97E+21	3.28E+21
0.8355795148		1.82E+21	3.28E+21
0.835016835		1.66E+21	3.28E+21
0.8344549125		1.64E+21	3.28E+21
0.8338937458		8.09E+20	3.28E+21
0.8333333333		1.26E+21	3.28E+21
0.8327736736		2.54E+21	3.28E+21
0.8322147651		2.35E+21	3.29E+21
0.8316566063		2.66E+21	3.29E+21
0.8310991957		2.22E+21	3.29E+21
0.8305425318		2.45E+21	3.29E+21
0.8299866131		2.76E+21	3.29E+21
0.8294314381		2.48E+21	3.29E+21
0.8288770053		2.29E+21	3.29E+21
0.8283233133		3.11E+21	3.30E+21
0.8277703605		2.59E+21	3.30E+21
0.8272181454		2.98E+21	3.30E+21
0.8266666667		3.43E+21	3.30E+21
0.8261159227		3.65E+21	3.30E+21
0.8255659121		3.21E+21	3.30E+21
0.8250166334		2.55E+21	3.31E+21
0.8244680851		2.21E+21	3.31E+21
0.8239202658		2.55E+21	3.31E+21
0.823373174		3.57E+21	3.31E+21
0.8228268082		3.54E+21	3.31E+21
0.8222811671		3.38E+21	3.31E+21
0.8217362492		2.61E+21	3.32E+21
0.821192053		3.78E+21	3.32E+21
0.8206485771		3.71E+21	3.32E+21
0.8201058201		3.66E+21	3.32E+21
0.8195637806		3.41E+21	3.32E+21
0.8190224571		3.18E+21	3.33E+21
0.8184818482		3.75E+21	3.33E+21
0.8179419525		3.63E+21	3.33E+21
0.8174027686		3.53E+21	3.33E+21
0.8168642951		3.58E+21	3.33E+21
0.8163265306		3.48E+21	3.33E+21
0.8157894737		3.77E+21	3.34E+21
0.8152531229		3.93E+21	3.34E+21
0.814717477		3.78E+21	3.34E+21
0.8141825345		4.02E+21	3.34E+21
0.813648294		3.96E+21	3.35E+21
0.8131147541		3.73E+21	3.35E+21
0.8125819135		3.86E+21	3.35E+21
0.8120497708		3.79E+21	3.35E+21
0.8115183246		4.04E+21	3.35E+21
0.8109875736		3.95E+21	3.36E+21
0.8104575163		3.71E+21	3.36E+21
0.8099281515		3.93E+21	3.36E+21
0.8093994778		4.06E+21	3.36E+21
0.8088714938		4.05E+21	3.36E+21
0.8083441982		3.94E+21	3.37E+21
0.8078175896		3.92E+21	3.37E+21
0.8072916667		4.04E+21	3.37E+21
0.8067664281		4.03E+21	3.37E+21
0.8062418726		4.02E+21	3.37E+21
0.8057179987		4.04E+21	3.38E+21
0.8051948052		3.93E+21	3.38E+21
0.8046722907		4.00E+21	3.38E+21
0.804150454		4.01E+21	3.38E+21
0.8036292936		4.06E+21	3.38E+21
0.8031088083		4.07E+21	3.39E+21
0.8025889968		4.15E+21	3.39E+21
0.8020698577		4.12E+21	3.39E+21
0.8015513898		4.10E+21	3.39E+21
0.8010335917		4.02E+21	3.40E+21
0.8005164622		4.13E+21	3.40E+21
0.8		4.08E+21	3.40E+21
0.7994842037		4.10E+21	3.40E+21
0.7989690722		4.13E+21	3.40E+21
0.798454604		4.13E+21	3.41E+21
0.7979407979		4.03E+21	3.41E+21
0.7974276527		4.08E+21	3.41E+21
0.7969151671		4.02E+21	3.41E+21
0.7964033398		4.15E+21	3.41E+21
0.7958921694		4.12E+21	3.42E+21
0.7953816549		4.12E+21	3.42E+21
0.7948717949		4.09E+21	3.42E+21
0.7943625881		4.17E+21	3.42E+21
0.7938540333		4.14E+21	3.42E+21
0.7933461292		4.13E+21	3.43E+21
0.7928388747		4.08E+21	3.43E+21
0.7923322684		4.16E+21	3.43E+21
0.7918263091		4.09E+21	3.43E+21
0.7913209955		4.11E+21	3.44E+21
0.7908163265		4.03E+21	3.44E+21
0.7903123008		3.99E+21	3.44E+21
0.7898089172		3.80E+21	3.44E+21
0.7893061744		3.70E+21	3.44E+21
0.7888040712		3.75E+21	3.44E+21
0.7883026065		3.70E+21	3.45E+21
0.7878017789		3.82E+21	3.45E+21
0.7873015873		3.80E+21	3.45E+21
0.7868020305		3.92E+21	3.45E+21
0.7863031072		3.44E+21	3.45E+21
0.7858048162		3.75E+21	3.46E+21
0.7853071564		3.78E+21	3.46E+21
0.7848101266		3.92E+21	3.46E+21
0.7843137255		3.99E+21	3.46E+21
0.783817952		3.89E+21	3.46E+21
0.7833228048		3.99E+21	3.47E+21
0.7828282828		4.02E+21	3.47E+21
0.7823343849		4.18E+21	3.47E+21
0.7818411097		4.14E+21	3.47E+21
0.7813484562		4.11E+21	3.47E+21
0.7808564232		4.08E+21	3.48E+21
0.7803650094		3.78E+21	3.48E+21
0.7798742138		3.95E+21	3.48E+21
0.7793840352		3.96E+21	3.48E+21
0.7788944724		4.13E+21	3.48E+21
0.7784055242		4.24E+21	3.49E+21
0.7779171895		4.21E+21	3.49E+21
0.7774294671		4.25E+21	3.49E+21
0.7769423559		4.04E+21	3.49E+21
0.7764558547		4.08E+21	3.49E+21
0.7759699625		4.21E+21	3.50E+21
0.7754846779		4.02E+21	3.50E+21
0.775		3.96E+21	3.50E+21
0.7745159275		3.72E+21	3.50E+21
0.7740324594		3.74E+21	3.50E+21
0.7735495945		3.75E+21	3.51E+21
0.7730673317		3.83E+21	3.51E+21
0.7725856698		3.98E+21	3.51E+21
0.7721046077		4.06E+21	3.51E+21
0.7716241444		3.92E+21	3.51E+21
0.7711442786		3.88E+21	3.51E+21
0.7706650093		3.84E+21	3.52E+21
0.7701863354		3.69E+21	3.52E+21
0.7697082557		3.85E+21	3.52E+21
0.7692307692		3.92E+21	3.52E+21
0.7687538748		4.04E+21	3.52E+21
0.7682775713		4.07E+21	3.53E+21
0.7678018576		4.12E+21	3.53E+21
0.7673267327		3.95E+21	3.53E+21
0.7668521954		4.03E+21	3.53E+21
0.7663782447		4.19E+21	3.53E+21
0.7659048796		4.15E+21	3.54E+21
0.7654320988		4.05E+21	3.54E+21
0.7649599013		4.05E+21	3.54E+21
0.7644882861		4.12E+21	3.54E+21
0.764017252		4.21E+21	3.54E+21
0.763546798		4.22E+21	3.55E+21
0.7630769231		4.14E+21	3.55E+21
0.7626076261		4.18E+21	3.55E+21
0.762138906		4.21E+21	3.55E+21
0.7616707617		4.23E+21	3.55E+21
0.7612031921		4.24E+21	3.56E+21
0.7607361963		4.16E+21	3.56E+21
0.7602697731		4.19E+21	3.56E+21
0.7598039216		4.20E+21	3.56E+21
0.7593386405		4.11E+21	3.56E+21
0.758873929		4.12E+21	3.56E+21
0.7584097859		4.15E+21	3.57E+21
0.7579462103		4.18E+21	3.57E+21
0.757483201		4.04E+21	3.57E+21
0.757020757		3.93E+21	3.57E+21
0.7565588774		3.94E+21	3.57E+21
0.756097561		3.85E+21	3.58E+21
0.7556368068		3.94E+21	3.58E+21
0.7551766139		3.97E+21	3.58E+21
0.7547169811		3.88E+21	3.58E+21
0.7542579075		4.03E+21	3.58E+21
0.7537993921		3.94E+21	3.59E+21
0.7533414338		3.94E+21	3.59E+21
0.7528840316		4.13E+21	3.59E+21
0.7524271845		3.93E+21	3.59E+21
0.7519708914		3.98E+21	3.59E+21
0.7515151515		4.11E+21	3.59E+21
0.7510599637		3.81E+21	3.60E+21
0.7506053269		4.09E+21	3.60E+21
0.7501512402		4.08E+21	3.60E+21
0.7496977025		3.96E+21	3.60E+21
0.749244713		4.09E+21	3.60E+21
0.7487922705		4.07E+21	3.61E+21
0.7483403742		4.10E+21	3.61E+21
0.7478890229		4.16E+21	3.61E+21
0.7474382158		4.10E+21	3.61E+21
0.7469879518		4.15E+21	3.61E+21
0.74653823		4.16E+21	3.61E+21
0.7460890493		4.08E+21	3.62E+21
0.7456404089		4.15E+21	3.62E+21
0.7451923077		4.13E+21	3.62E+21
0.7447447447		3.97E+21	3.62E+21
0.7442977191		3.36E+21	3.62E+21
0.7438512298		3.96E+21	3.63E+21
0.7434052758		4.04E+21	3.63E+21
0.7429598562		4.06E+21	3.63E+21
0.7425149701		4.19E+21	3.63E+21
0.7420706164		4.14E+21	3.63E+21
0.7416267943		4.01E+21	3.63E+21
0.7411835027		4.11E+21	3.64E+21
0.7407407407		4.11E+21	3.64E+21
0.7402985075		4.08E+21	3.64E+21
0.7398568019		4.04E+21	3.64E+21
0.7394156231		4.06E+21	3.64E+21
0.7389749702		4.01E+21	3.64E+21
0.7385348422		4.09E+21	3.65E+21
0.7380952381		3.96E+21	3.65E+21
0.737656157		3.75E+21	3.65E+21
0.7372175981		3.93E+21	3.65E+21
0.7367795603		4.05E+21	3.65E+21
0.7363420428		3.84E+21	3.66E+21
0.7359050445		4.14E+21	3.66E+21
0.7354685647		4.09E+21	3.66E+21
0.7350326023		3.99E+21	3.66E+21
0.7345971564		4.10E+21	3.66E+21
0.7341622262		4.05E+21	3.66E+21
0.7337278107		4.02E+21	3.67E+21
0.7332939089		3.79E+21	3.67E+21
0.7328605201		4.07E+21	3.67E+21
0.7324276432		4.16E+21	3.67E+21
0.7319952774		4.04E+21	3.67E+21
0.7315634218		4.15E+21	3.67E+21
0.7311320755		4.14E+21	3.68E+21
0.7307012375		3.59E+21	3.68E+21
0.7302709069		4.12E+21	3.68E+21
0.729841083		4.09E+21	3.68E+21
0.7294117647		3.98E+21	3.68E+21
0.7285546416		4.08E+21	3.69E+21
0.7272727273		3.98E+21	3.69E+21
0.7251461988		3.81E+21	3.70E+21
0.72303207		3.88E+21	3.71E+21
0.7209302326		3.86E+21	3.72E+21
0.7188405797		3.71E+21	3.72E+21
0.7167630058		3.66E+21	3.73E+21
0.7146974063		3.43E+21	3.74E+21
0.7126436782		3.60E+21	3.75E+21
0.7106017192		3.34E+21	3.75E+21
0.7085714286		3.60E+21	3.76E+21
0.7065527066		3.36E+21	3.77E+21
0.7045454545		3.54E+21	3.77E+21
0.7025495751		2.97E+21	3.78E+21
0.7005649718		3.19E+21	3.79E+21
0.6985915493		2.61E+21	3.79E+21
0.6966292135		2.30E+21	3.80E+21
0.6946778711		1.78E+21	3.80E+21
0.6927374302		2.07E+21	3.81E+21
0.6908077994		1.10E+21	3.81E+21
0.6888888889		7.54E+20	3.81E+21
0.6869806094		3.54E+20	3.81E+21
0.6850828729		2.33E+20	3.81E+21
0.6831955923		7.97E+19	3.81E+21
0.6813186813		2.42E+19	3.81E+21
0.6794520548		3.14E+19	3.81E+21
0.6775956284		1.29E+17	3.81E+21
0.6757493188		1.61E+17	3.81E+21
0.6739130435		1.59E+15	3.81E+21
0.6720867209		1.60E+17	3.81E+21
0.6702702703		7.71E+16	3.81E+21
0.6684636119		7.36E+15	3.81E+21
0.6666666667		2.91E+17	3.81E+21
0.6648793566		4.47E+17	3.81E+21
0.6631016043		7.08E+12	3.81E+21
0.6613333333		1.21E+13	3.81E+21
0.6595744681		2.09E+18	3.81E+21
0.6578249337		1.19E+18	3.81E+21
0.6560846561		6.12E+18	3.81E+21
0.654353562		3.58E+18	3.81E+21
0.6526315789		2.40E+16	3.81E+21
0.6509186352		1.59E+16	3.81E+21
0.6492146597		6.52E+17	3.81E+21
0.6475195822		5.69E+17	3.81E+21
0.6458333333		1.30E+19	3.81E+21
0.6441558442		2.71E+19	3.81E+21
0.6424870466		1.61E+19	3.81E+21
0.6408268734		1.06E+20	3.81E+21
0.6391752577		9.73E+19	3.81E+21
0.6375321337		3.24E+20	3.81E+21
0.6358974359		5.04E+20	3.81E+21
0.6342710997		3.04E+20	3.81E+21
0.6326530612		6.70E+20	3.82E+21
0.631043257		8.80E+20	3.82E+21
0.6294416244		1.52E+21	3.82E+21
0.6278481013		2.12E+21	3.82E+21
0.6262626263		2.38E+21	3.82E+21
0.6246851385		2.64E+21	3.83E+21
0.6231155779		2.74E+21	3.83E+21
0.6215538847		2.62E+21	3.84E+21
0.62		1.24E+21	3.84E+21
0.6184538653		4.91E+20	3.84E+21
0.6169154229		1.31E+21	3.84E+21
0.6153846154		8.85E+20	3.84E+21
0.6138613861		1.51E+21	3.85E+21
0.612345679		2.49E+21	3.85E+21
0.6108374384		2.88E+21	3.85E+21
0.6093366093		3.30E+21	3.86E+21
0.6078431373		3.09E+21	3.86E+21
0.6063569682		3.16E+21	3.87E+21
0.6048780488		2.38E+21	3.87E+21
0.603406326		1.93E+21	3.87E+21
0.6019417476		2.46E+21	3.88E+21
0.6004842615		2.21E+21	3.88E+21
0.5990338164		2.36E+21	3.88E+21
0.5975903614		2.81E+21	3.89E+21
0.5961538462		3.17E+21	3.89E+21
0.5947242206		3.13E+21	3.90E+21
0.5933014354		3.30E+21	3.90E+21
0.5918854415		3.35E+21	3.91E+21
0.5904761905		3.24E+21	3.91E+21
0.5890736342		3.53E+21	3.92E+21
0.5876777251		3.42E+21	3.92E+21
0.5862884161		3.52E+21	3.93E+21
0.5849056604		3.39E+21	3.93E+21
0.5835294118		3.45E+21	3.94E+21
0.5821596244		3.52E+21	3.94E+21
0.5807962529		3.56E+21	3.94E+21
0.5794392523		3.61E+21	3.95E+21
0.5780885781		3.59E+21	3.95E+21
0.576744186		3.41E+21	3.96E+21
0.5754060325		3.45E+21	3.96E+21
0.5740740741		3.44E+21	3.97E+21
0.5727482679		3.14E+21	3.97E+21
0.5714285714		3.40E+21	3.98E+21
0.5701149425		3.36E+21	3.98E+21
0.5688073394		3.44E+21	3.99E+21
0.5675057208		3.16E+21	3.99E+21
0.5662100457		3.37E+21	3.99E+21
0.5649202733		3.39E+21	4.00E+21
0.5636363636		3.08E+21	4.00E+21
0.5623582766		3.22E+21	4.01E+21
0.5610859729		3.48E+21	4.01E+21
0.5598194131		3.37E+21	4.02E+21
0.5585585586		3.45E+21	4.02E+21
0.5573033708		3.37E+21	4.02E+21
0.5560538117		3.41E+21	4.03E+21
0.5548098434		3.37E+21	4.03E+21
0.5535714286		3.34E+21	4.04E+21
0.5523385301		3.25E+21	4.04E+21
0.5511111111		3.33E+21	4.04E+21
0.5498891353		3.15E+21	4.05E+21
0.5486725664		3.14E+21	4.05E+21
0.5474613687		3.21E+21	4.06E+21
0.5462555066		3.08E+21	4.06E+21
0.5450549451		3.06E+21	4.06E+21
0.5438596491		3.19E+21	4.07E+21
0.5426695842		3.06E+21	4.07E+21
0.5414847162		3.08E+21	4.08E+21
0.5403050109		3.01E+21	4.08E+21
0.5391304348		2.91E+21	4.08E+21
0.5379609544		2.94E+21	4.09E+21
0.5367965368		3.20E+21	4.09E+21
0.535637149		2.93E+21	4.09E+21
0.5344827586		2.64E+21	4.10E+21
0.5333333333		2.87E+21	4.10E+21
0.5321888412		2.92E+21	4.10E+21
0.5310492505		3.00E+21	4.11E+21
0.5299145299		2.38E+21	4.11E+21
0.5287846482		2.69E+21	4.11E+21
0.5276595745		2.19E+21	4.11E+21
0.5265392781		2.52E+21	4.12E+21
0.5254237288		2.68E+21	4.12E+21
0.5243128964		2.65E+21	4.12E+21
0.5232067511		1.67E+21	4.13E+21
0.5221052632		2.40E+21	4.13E+21
0.5210084034		2.33E+21	4.13E+21
0.5199161426		1.70E+21	4.13E+21
0.5188284519		2.06E+21	4.13E+21
0.5177453027		2.26E+21	4.14E+21
0.5166666667		2.48E+21	4.14E+21
0.5155925156		1.90E+21	4.14E+21
0.5145228216		1.92E+21	4.14E+21
0.5134575569		1.56E+21	4.15E+21
0.5123966942		1.53E+21	4.15E+21
0.5113402062		1.92E+21	4.15E+21
0.5102880658		2.63E+21	4.15E+21
0.5092402464		8.72E+20	4.15E+21
0.5081967213		2.55E+21	4.16E+21
0.5071574642		1.23E+21	4.16E+21
0.506122449		8.13E+20	4.16E+21
0.5050916497		1.49E+21	4.16E+21
0.5040650407		2.02E+21	4.16E+21
0.5030425963		1.47E+21	4.16E+21
0.5020242915		1.02E+21	4.16E+21
0.501010101		1.01E+21	4.17E+21
0.5		4.98E+20	4.17E+21
0.4989939638		3.50E+20	4.17E+21
0.4979919679		2.20E+20	4.17E+21
0.496993988		1.81E+20	4.17E+21
0.496		4.48E+20	4.17E+21
0.49500998		9.69E+19	4.17E+21
0.4940239044		1.42E+20	4.17E+21
0.4930417495		3.35E+19	4.17E+21
0.4920634921		2.41E+19	4.17E+21
0.4910891089		2.71E+18	4.17E+21
0.4901185771		4.18E+16	4.17E+21
0.4891518738		1.16E+16	4.17E+21
0.4881889764		2.51E+16	4.17E+21
0.4872298625		3.60E+12	4.17E+21
0.4862745098		1.90E+10	4.17E+21
0.4853228963		7.07E+13	4.17E+21
0.484375		2.11E+12	4.17E+21
0.4834307992		1.09E+09	4.17E+21
0.4824902724		1.05E+05	4.17E+21
0.4815533981		7.48E-05	4.17E+21
0.480620155		2.66E+01	4.17E+21
0.4796905222		1.21E-11	4.17E+21
0.4787644788		3.86E-08	4.17E+21
0.4778420039		1.62E-10	4.17E+21
0.4769230769		3.20E-05	4.17E+21
0.4760076775		4.17E-12	4.17E+21
0.4750957854		4.29E-11	4.17E+21
0.4741873805		8.13E-15	4.17E+21
0.4732824427		4.13E-06	4.17E+21
0.4723809524		2.84E-05	4.17E+21
0.4714828897		2.07E-22	4.17E+21
0.4705882353		2.90E+07	4.17E+21
0.4696969697		8.78E+06	4.17E+21
0.4688090737		6.76E+04	4.17E+21
0.4679245283		1.08E+04	4.17E+21
0.4670433145		9.98E-05	4.17E+21
0.4661654135		1.99E-02	4.17E+21
0.4652908068		8.55E-15	4.17E+21
0.4644194757		0.00E+00	4.17E+21
0.4635514019		0.00E+00	4.17E+21
0.4626865672		0.00E+00	4.17E+21
0.4618249534		0.00E+00	4.17E+21
0.4609665428		8.08E-07	4.17E+21
0.4601113173		5.66E-10	4.17E+21
0.4592592593		0.00E+00	4.17E+21
0.4584103512		2.36E-19	4.17E+21
0.4575645756		9.09E-13	4.17E+21
0.4567219153		3.13E-03	4.17E+21
0.4558823529		4.58E-22	4.17E+21
0.4550458716		5.99E+01	4.17E+21
0.4542124542		5.02E+04	4.17E+21
0.4533820841		4.56E+02	4.17E+21
0.4525547445		1.95E-04	4.17E+21
0.4517304189		1.10E+00	4.17E+21
0.4509090909		1.41E-05	4.17E+21
0.4500907441		5.71E-21	4.17E+21
0.4492753623		0.00E+00	4.17E+21
0.4484629295		2.30E-04	4.17E+21
0.4476534296		7.23E-01	4.17E+21
0.4468468468		3.47E-15	4.17E+21
0.4460431655		4.19E-11	4.17E+21
0.4452423698		3.41E-04	4.17E+21
0.4444444444		1.07E+07	4.17E+21
0.4436493739		3.21E+07	4.17E+21
0.4428571429		1.47E+11	4.17E+21
0.4420677362		6.05E+09	4.17E+21
0.4412811388		3.62E+13	4.17E+21
0.4404973357		2.60E+13	4.17E+21
0.4397163121		1.87E+12	4.17E+21
0.4389380531		1.61E+16	4.17E+21
0.4381625442		3.59E+17	4.17E+21
0.4373897707		1.97E+13	4.17E+21
0.4366197183		1.82E+16	4.17E+21
0.4358523726		3.79E+18	4.17E+21
0.4350877193		1.09E+17	4.17E+21
0.4343257443		4.24E+16	4.17E+21
0.4335664336		2.41E+18	4.17E+21
0.4328097731		1.60E+19	4.17E+21
0.4320557491		6.06E+17	4.17E+21
0.4313043478		3.78E+19	4.17E+21
0.4305555556		2.40E+19	4.17E+21
0.4298093588		4.42E+19	4.17E+21
0.4290657439		1.82E+19	4.17E+21
0.4283246978		2.62E+20	4.17E+21
0.4275862069		8.04E+19	4.17E+21
0.4268502582		1.10E+19	4.17E+21
0.4261168385		2.72E+20	4.17E+21
0.4253859348		1.27E+20	4.17E+21
0.4246575342		2.93E+20	4.17E+21
0.4239316239		1.10E+20	4.17E+21
0.4232081911		6.01E+20	4.17E+21
0.4224872232		6.66E+20	4.17E+21
0.4217687075		1.68E+20	4.17E+21
0.4210526316		1.50E+20	4.17E+21
0.4203389831		5.45E+20	4.17E+21
0.4196277496		2.45E+20	4.17E+21
0.4189189189		4.84E+20	4.17E+21
0.4182124789		7.87E+20	4.17E+21
0.4175084175		3.75E+19	4.17E+21
0.4168067227		9.13E+19	4.17E+21
0.4161073826		1.44E+20	4.17E+21
0.4154103853		7.52E+20	4.17E+21
0.4147157191		1.12E+21	4.17E+21
0.4140233723		4.66E+20	4.17E+21
0.4133333333		8.60E+20	4.17E+21
0.4126455907		3.18E+20	4.17E+21
0.4119601329		7.58E+20	4.17E+21
0.4112769486		6.18E+20	4.17E+21
0.4105960265		7.09E+19	4.17E+21
0.4099173554		8.43E+20	4.18E+21
0.4092409241		6.86E+20	4.18E+21
0.4085667216		2.84E+20	4.18E+21
0.4078947368		2.31E+20	4.18E+21
0.4072249589		4.82E+20	4.18E+21
0.406557377		1.19E+20	4.18E+21
0.4058919804		3.35E+19	4.18E+21
0.4052287582		7.33E+20	4.18E+21
0.4045676998		3.40E+20	4.18E+21
0.4039087948		2.05E+20	4.18E+21
0.4032520325		7.11E+20	4.18E+21
0.4025974026		4.30E+20	4.18E+21
0.4019448947		2.11E+20	4.18E+21
0.4012944984		2.85E+20	4.18E+21
0.4006462036		7.88E+19	4.18E+21
0.4		5.32E+20	4.18E+21
0.3993558776		1.12E+20	4.18E+21
0.3987138264		1.03E+20	4.18E+21
0.3980738363		2.78E+20	4.18E+21
0.3974358974		1.21E+21	4.18E+21
0.3968		3.75E+20	4.18E+21
0.3961661342		7.17E+20	4.18E+21
0.3955342903		1.43E+21	4.18E+21
0.3949044586		4.18E+20	4.18E+21
0.3942766296		4.11E+20	4.18E+21
0.3936507937		8.47E+20	4.18E+21
0.3930269414		7.19E+20	4.18E+21
0.3924050633		1.18E+21	4.18E+21
0.3917851501		1.80E+21	4.18E+21
0.3911671924		1.62E+21	4.19E+21
0.3905511811		1.20E+21	4.19E+21
0.3899371069		1.39E+21	4.19E+21
0.3893249608		1.06E+21	4.19E+21
0.3887147335		5.59E+20	4.19E+21
0.3881064163		3.57E+20	4.19E+21
0.3875		5.83E+19	4.19E+21
0.3868954758		4.14E+19	4.19E+21
0.3862928349		1.83E+19	4.19E+21
0.3856920684		6.71E+19	4.19E+21
0.3850931677		2.18E+20	4.19E+21
0.384496124		2.71E+19	4.19E+21
0.3839009288		4.66E+19	4.19E+21
0.3833075734		1.00E+21	4.19E+21
0.3827160494		5.17E+20	4.19E+21
0.3821263482		1.02E+20	4.19E+21
0.3815384615		3.63E+20	4.19E+21
0.380952381		1.39E+21	4.19E+21
0.3803680982		1.72E+20	4.19E+21
0.3797856049		3.46E+20	4.19E+21
0.379204893		1.73E+20	4.19E+21
0.3786259542		8.45E+20	4.19E+21
0.3780487805		4.10E+20	4.19E+21
0.3774733638		1.60E+21	4.19E+21
0.376899696		1.27E+21	4.19E+21
0.3763277693		1.78E+20	4.19E+21
0.3757575758		2.60E+20	4.19E+21
0.3751891074		5.78E+20	4.19E+21
0.3746223565		5.78E+20	4.19E+21
0.3740573152		2.39E+18	4.19E+21
0.3734939759		8.91E+18	4.19E+21
0.3729323308		5.25E+20	4.19E+21
0.3723723724		6.99E+20	4.20E+21
0.371814093		1.37E+21	4.20E+21
0.371257485		5.23E+20	4.20E+21
0.3707025411		5.38E+20	4.20E+21
0.3701492537		1.23E+21	4.20E+21
0.3695976155		5.57E+20	4.20E+21
0.369047619		8.07E+20	4.20E+21
0.3684992571		1.11E+21	4.20E+21
0.3679525223		6.12E+20	4.20E+21
0.3674074074		1.32E+21	4.20E+21
0.3668639053		8.01E+20	4.20E+21
0.3663220089		1.18E+21	4.20E+21
0.3657817109		1.56E+21	4.20E+21
0.3652430044		1.52E+21	4.20E+21
0.3647058824		2.00E+21	4.20E+21
0.3641703377		7.15E+20	4.20E+21
0.3636363636		1.14E+21	4.20E+21
0.3631039531		1.18E+21	4.20E+21
0.3625730994		2.14E+21	4.21E+21
0.3620437956		1.63E+21	4.21E+21
0.361516035		1.42E+21	4.21E+21
0.3609898108		1.90E+21	4.21E+21
0.3604651163		1.33E+21	4.21E+21
0.3599419448		1.88E+21	4.21E+21
0.3594202899		1.86E+21	4.21E+21
0.3589001447		1.39E+21	4.21E+21
0.3583815029		2.11E+21	4.21E+21
0.3578643579		1.66E+21	4.21E+21
0.3573487032		2.08E+21	4.21E+21
0.3568345324		1.86E+21	4.22E+21
0.3563218391		1.92E+21	4.22E+21
0.3558106169		2.08E+21	4.22E+21
0.3553008596		1.80E+21	4.22E+21
0.3547925608		2.13E+21	4.22E+21
0.3542857143		2.07E+21	4.22E+21
0.3537803138		2.06E+21	4.22E+21
0.3532763533		2.10E+21	4.22E+21
0.3527738265		2.03E+21	4.22E+21
0.3522727273		2.15E+21	4.23E+21
0.3517730496		2.03E+21	4.23E+21
0.3512747875		1.99E+21	4.23E+21
0.3507779349		1.70E+21	4.23E+21
0.3502824859		1.63E+21	4.23E+21
0.3497884344		1.73E+21	4.23E+21
0.3492957746		1.91E+21	4.23E+21
0.3488045007		1.65E+21	4.23E+21
0.3483146067		1.98E+21	4.23E+21
0.347826087		2.00E+21	4.23E+21
0.3473389356		1.54E+21	4.23E+21
0.3468531469		1.60E+21	4.23E+21
0.3463687151		1.90E+21	4.24E+21
0.3458856346		1.71E+21	4.24E+21
0.3454038997		1.78E+21	4.24E+21
0.3449235049		1.82E+21	4.24E+21
0.3444444444		1.94E+21	4.24E+21
0.3439667129		1.97E+21	4.24E+21
0.3434903047		1.81E+21	4.24E+21
0.3430152144		1.82E+21	4.24E+21
0.3425414365		2.24E+21	4.24E+21
0.3420689655		1.98E+21	4.24E+21
0.3415977961		1.93E+21	4.24E+21
0.341127923		2.01E+21	4.25E+21
0.3406593407		2.25E+21	4.25E+21
0.3401920439		2.08E+21	4.25E+21
0.3397260274		2.00E+21	4.25E+21
0.3392612859		2.18E+21	4.25E+21
0.3387978142		2.17E+21	4.25E+21
0.3383356071		2.05E+21	4.25E+21
0.3378746594		1.59E+21	4.25E+21
0.337414966		9.73E+20	4.25E+21
0.3369565217		1.69E+21	4.25E+21
0.3364993216		1.92E+21	4.25E+21
0.3360433604		1.98E+21	4.26E+21
0.3355886333		2.08E+21	4.26E+21
0.3351351351		2.24E+21	4.26E+21
0.334682861		2.22E+21	4.26E+21
0.3342318059		1.94E+21	4.26E+21
0.333781965		1.92E+21	4.26E+21
0.3333333333		2.17E+21	4.26E+21
0.332885906		2.24E+21	4.26E+21
0.3324396783		1.95E+21	4.26E+21
0.3319946452		1.82E+21	4.26E+21
0.3315508021		1.88E+21	4.26E+21
0.3311081442		2.20E+21	4.27E+21
0.3306666667		1.99E+21	4.27E+21
0.3302263648		1.93E+21	4.27E+21
0.329787234		1.91E+21	4.27E+21
0.3293492696		1.85E+21	4.27E+21
0.3289124668		1.98E+21	4.27E+21
0.3284768212		1.98E+21	4.27E+21
0.328042328		2.10E+21	4.27E+21
0.3276089828		1.94E+21	4.27E+21
0.327176781		1.71E+21	4.27E+21
0.3267457181		1.97E+21	4.27E+21
0.3263157895		2.20E+21	4.27E+21
0.3258869908		2.08E+21	4.28E+21
0.3254593176		1.85E+21	4.28E+21
0.3250327654		1.75E+21	4.28E+21
0.3246073298		2.18E+21	4.28E+21
0.3241830065		2.16E+21	4.28E+21
0.3237597911		2.19E+21	4.28E+21
0.3233376793		1.76E+21	4.28E+21
0.3229166667		2.06E+21	4.28E+21
0.322496749		2.03E+21	4.28E+21
0.3220779221		2.05E+21	4.28E+21
0.3216601816		1.98E+21	4.28E+21
0.3212435233		1.87E+21	4.29E+21
0.3208279431		1.90E+21	4.29E+21
0.3204134367		1.73E+21	4.29E+21
0.32		1.60E+21	4.29E+21
0.3195876289		1.55E+21	4.29E+21
0.3191763192		1.61E+21	4.29E+21
0.3187660668		1.64E+21	4.29E+21
0.3183568678		1.79E+21	4.29E+21
0.3179487179		1.91E+21	4.29E+21
0.3175416133		1.92E+21	4.29E+21
0.3171355499		1.73E+21	4.29E+21
0.3167305236		1.70E+21	4.29E+21
0.3163265306		1.70E+21	4.29E+21
0.3159235669		1.68E+21	4.29E+21
0.3155216285		1.74E+21	4.30E+21
0.3151207116		1.82E+21	4.30E+21
0.3147208122		1.84E+21	4.30E+21
0.3143219265		1.88E+21	4.30E+21
0.3139240506		1.91E+21	4.30E+21
0.3135271808		1.94E+21	4.30E+21
0.3131313131		1.95E+21	4.30E+21
0.3127364439		1.98E+21	4.30E+21
0.3123425693		1.95E+21	4.30E+21
0.3119496855		1.91E+21	4.30E+21
0.3115577889		1.89E+21	4.30E+21
0.3111668758		1.91E+21	4.30E+21
0.3107769424		1.90E+21	4.30E+21
0.310387985		1.87E+21	4.30E+21
